80
1.3773904471468040356e+002
-1.3318677808057088896e+002
1.2477332032722426902e+002
-1.2477332032722426902e+002
-2.5863588968080318864e+002
3.0205654109154124853e+002
-2.3874614990603708975e+002
1.1427669400011440302e+004
-5.9892930856243765447e+004
-6.5457832875166699523e+004
3.8520070563094770932e+002
-1.4300926250449742838e+002
0.0000000000000000000e+000
-1.0631466734421774163e+004
6.2031784296122714295e+002
-8.8443171472734115923e+002
-5.1275244038499440649e+004
-7.7165250891834239155e+002
0.0000000000000000000e+000
0.0000000000000000000e+000
2.4007489331901379046e+004
2.4074827386359262164e+004
1.2712581398364753113e+004
1.0664394915948605558e+004
5.1420914907406135171e+004
5.1066647778509286582e+002
-6.8777848176826446434e+003
-1.2013028228072789716e+002
-1.1417627388320610407e+004
0.0000000000000000000e+000
-1.3120652153398195878e+003
-1.0487856223104687160e+004
-3.0420204076589034230e+003
-4.9047610154499328928e+004
0.0000000000000000000e+000
-1.8206660561710386901e+003
8.3024626041313113092e+003
-4.1970191675954743005e+002
-2.3688502395136187261e+004
-1.1922651972581297741e+005
0.0000000000000000000e+000
1.4045407165480798994e+003
4.2655282928783217358e+003
-5.9541457647459651525e+002
0.0000000000000000000e+000
1.9630871642048030026e+003
0.0000000000000000000e+000
1.1677073035730934862e+004
2.9573733964076087432e+004
0.0000000000000000000e+000
-5.9696582681953397696e+004
-5.9627313952549673559e+004
1.1547285340384780284e+004
-5.1659100839730526786e+004
6.3472515776607491716e+004
5.9761318872068208293e+004
-5.3970275346303678816e+004
4.8831331162936257897e+004
-5.1278239320844542817e+004
-5.1295957218752140761e+004
2.2807672711884270029e+003
3.7849150903193905833e+004
5.9786409163810327300e+004
-1.9843558073664180483e+003
2.2591434348438830057e+004
5.9808430003384728479e+003
-5.9516883115117219859e+004
9.9528522363671272615e+003
2.1699314289928643120e+004
0.0000000000000000000e+000
-7.6717990974113490665e+003
7.2718828380282516832e+001
-1.4794874615680234274e+005
-3.7844548447102293721e+004
-1.6944161658024604549e+004
5.0467311504880381108e+004
3.6489469440713888616e+004
-9.0573049165547115535e+002
-5.4779666573299334686e+002
1.0257077933551556271e+004